716506444
708043907
114299503
117427988
794760846
729995481
742221881
757676542
792566549
794253837
716625809
700163809
704140703
757173261
702445826
792514368
700384949
116822609
117490441
769166273
741754721
700057124
703453310
746259837
799288391
796883320
702032171
728489321
707691410
792387188
115147447
117152843
708373590
117757248
116783305
113503106
116892919
717949135
722679687
115584479
116687664
706432890
116802639
792986012
795351051
758092407
706811876
729060273
711387051
759439575
799065125
758501434
798423949
768061281
707124847
745046738
111712627
703548321
117429758
746180992
794982654
796455408
796982022
759452085
794827475
796360804
795565121
748775506
702048092
769750682
116772418
748025293
716104535
798365786
759851167
705362578
768855837
798554479
759269351
728828723
117669223
113388937
729016006
790728857
768241940
795278653
110526635
740632228
795881549
719433553
757205431
743972606
723804742
798064294
741044817
707052065
705458328
111652246
716864821
710811896
727121439
795932635
717079647
796862764
725634500
113489142
704677923
117284831
702133915
707437989
116806965
748602056
742906173
713015782
703927366
748463715
701889554
758851466
714506829
799093138
748745106
769346011
757367927
702511172
708482983
708168241
724086751
748478439
720408838
710637670
707880652
115727248
742214084
768227649
719125932
799016343
702079234
796759993
717423105
111865438
713889665
741164736
799887594
114457265
703319131
117400669
115510839
757703998
742194718
706139479
743946048
795737917
704712306
705280534
748849867
745631481
715432837
713915881
116657621
701768794
799593773
794551336
796971059
791032623
790531186
742447759
112155243
769667901
746066186
706775103
745367524
113897981
745926894
745052761
729681774
743443139
792115276
791957069
705120834
707276249
794167254
710485911
113680917
758598440
704673620
705202467
768932813
746430379
718031936
794251640
743090770
740717544
797323162
702879606
745490296
700808140
718897205
748838511
748583133
793787194
711336018
723995509
716381034
743088753
746991468
793831936
797871758
702647169
713645222
116762574
746395738
769905271
757790348
721835299
795687246
710143398
113377820
701028692
793946440
116070595
116074594
793688538
769125926
791016512
110926560
705969216
757736043
110653246
116873317
116730680
728413198
798599903
112302668
746434519
798486429
114468277
790916448
748467685
710942312
116791344
704857302
768896818
112930839
790740021
799644765
701242582
117099226
712799304
110156496
724251092
798674417
790663001
790694954
759416906
705113049
111679215
743016821
702854673
712271831
792907763
745998418
748032516
703289613
724412670
703552892
702557620
792417792
790776407
743544062
112602196
116545664
116460087
114417394
741063816
797881738
793889051
795291064
740271867
713174064
794769815
715732012
701702557
701021419
743412654
743549658
799598599
795871254
112527270
705090823
794476699
708527709
745523895
116814137
769984207
742090410
114741717
790806546
746735245
717713073
729936781
707278253
746382308
797059883
711953743
711445071
742826207
748584329
702408985
117548657
724207623
712872180
112027244
790620295
743639914
707047202
721152102
707250306
117715893
792767468
748963489
759413968
702354336
115544004
797204670
799328448
116521774
705873468
757877052
768711746
746015323
114999678
117370313
117536037
790731245
759218293
707334146
757610558
707934908
705016626
769597178
757984347
743473245
799517408
112747800
