759467588
759401907
796857070
708125538
759468578
759490363
759451245
741680353
714255641
796835002
708159711
714204411
708197680
714299304
759404866
708189906
714227612
759425416
708141176
708176946
714202066
741634120
708171034
708193494
708139010
759466971
741616110
714259248
741632618
714208017
708175976
708153807
741682206
714266331
759416910
714258746
759453401
708195508
708122375
714212902
714276955
759457631
741634230
759481279
796846082
708172903
714243250
708163654
714272855
714252463
708152038
759448157
714228379
714223665
759444638
759407685
714247169
708167765
708160559
714210787
708148117
759480426
708124261
708159251
714222106
708180395
714280736
759480542
708132766
714258555
741620519
708141924
708160199
714251601
796819512
708197034
741648746
741647965
708102179
759477396
741633078
796866538
796857687
796898093
714200863
708152519
714264473
708164356
708114362
796811443
759418900
741690196
796856631
741622425
714259830
741604536
741687877
714205061
714292813
796857458
759419051
759486801
796831555
714277108
708169627
714229612
741689096
714278862
741608199
741602456
714233505
708110839
714282548
759442844
741696992
714241111
708122416
741644524
714212366
714238631
714229247
714231607
714289634
714215028
714228811
708139300
708171456
741655129
741656385
741611442
741625423
714200310
714257084
708100665
796816222
708124724
796840381
708102880
759422390
714226038
708112319
714201979
714217285
741618820
741678026
714268775
796816030
714227658
714211664
741650303
741630061
759431247
708181593
759456511
714294425
708194033
741600661
759489324
796834221
741636982
741675141
714278060
796891738
741645647
708107116
759430468
714225320
741667685
759498169
714287153
708109778
796896834
714210902
741681159
714247436
759467588
796878718
708146948
759405132
708130162
708136006
796867921
741632431
714227159
741659538
759498299
708177060
759456163
708162337
741699940
741640265
708119794
741671425
708117368
759401907
714268619
741603910
708130440
796859791
708167493
759465537
708107691
796857355
759467198
714244482
741697025
708122787
741645171
714250422
708152250
759453744
708137002
708162714
759421061
796857070
759488727
708145216
708164599
708146490
714281833
714203168
714291602
741684443
708191474
759414703
741675654
796862771
714245662
708161273
708143438
759454717
708176937
796842970
708125538
714274476
714227909
708171777
714265329
796827247
708187233
741681193
708191053
714278872
759417038
741690478
759446694
714278283
708124031
714239895
759464733
741639740
759407713
714202226
714211302
714268899
759407738
708163072
708106788
708145066
759441891
714221457
714264651
708155553
796867875
796854188
796827764
796808075
759468578
741669814
714286323
796820942
796867874
714285012
708169795
714233417
714299253
759425074
714242724
714261559
759419323
741696143
714286360
708167730
708166049
741678820
759419314
759416950
759490363
708194006
796862019
714295268
796877045
759418998
708115270
741657522
714288098
759427226
759446103
708145672
708155590
796807262
741634433
796855965
708125612
759407011
759451245
714290658
714279480
708133401
759433982
708142340
708191454
708197555
759431444
796807900
708181688
796883222
796893275
708144268
759449300
759407944
741697867
796872326
714253105
741647568
741680353
714231157
714203143
796856408
708121311
714297982
708138665
759476726
714243315
714278710
708189968
741629498
714226516
714279214
796858546
741629748
796856053
714294994
708184166
796868408
708135954
759471944
708155596
714235835
708154421
759404960
708171541
708139039
796801640
741685791
714252261
741642572
714240873
708197965
796807899
708190305
714294972
708169765
796857943
796827544
708172056
796856654
741692294
796802320
796840461
741654277
708166691
796823971
714287362
796832777
708159439
714266132
714228675
708123154
796841541
714243484
759453199
708144093
741696086
708193246
708165377
759460254
714251998
741621582
796813598
714210226
714234992
714255467
714227541
714287111
708170517
708145477
796835002
741680278
759408625
796853571
759419462
708124118
796839049
708137901
714233307
714244815
714215313
708193678
796807878
741694350
708116379
708171086
759419215
708101494
708168434
708181068
714240633
714256354
741683678
708114529
741614551
741659498
741675655
714277965
708119520
714228527
708105012
741629437
714277363
741635097
714224283
708147640
741640437
741653364
759405363
714204411
714277535
796830804
741684968
741614587
759410954
714294530
708130230
759419104
708178643
714239712
714209070
714247085
708105043
796896321
714273841
714254735
708120895
741647035
708116992
714221112
708176810
708197968
796853565
714289517
796856379
796883387
714219751
708171322
714298639
741692124
708185586
708102092
796838387
714251048
714277946
714229187
708182625
708166417
714299304
708116753
714278296
714245934
708131812
759494395
741678217
708146551
714275018
708117775
759490751
708186802
714262850
741615293
708197803
714254857
708186735
714262508
708126058
714217194
708141219
714256532
759415229
714232918
714266344
796809172
708147528
759452951
759426950
796832306
741648388
796863470
741670373
708135458
708164480
708160546
708180539
741616712
759453075
708189906
708164320
714283339
708125892
714253026
796854833
796817760
714270113
708135448
714241196
759478130
796856517
714290773
708185006
796894087
759440840
796829446
796875915
714240640
741614347
708199069
714246356
708135586
741656187
759466483
759446467
759410817
714201414
796824843
708160493
796831267
714205182
714207884
714280728
708113183
714281220
741621063
759405325
708165222
759425416
714285947
714279265
714225535
714270307
741646581
741617195
741699842
714203690
708132840
714251201
714208440
759465662
708135062
714289145
714281037
714210276
796859580
714204728
759444554
759442377
708190231
708127431
714207759
708156773
708141487
741602446
708147350
741611877
714238983
714294014
714297674
714256004
708171239
714256097
708133031
708164770
741667264
741600476
708176946
796844460
796865851
708168297
708185778
796815890
759470602
796850826
708130633
708106518
714242395
714266452
714264857
759413979
714232144
796857319
708112618
714293062
708147831
714247722
796852247
714242946
708139307
741612306
714214577
796884937
741603017
759458556
714252604
714281053
759418885
714267678
759448711
759486065
708150451
708103442
759467001
708132751
708117259
741634120
714240623
741615423
714214422
796834668
759419200
741690153
796879996
708191823
741624372
796812785
708160090
796815060
708101984
708171200
714292453
714227540
708122765
708116910
708184752
714241772
741651426
714274387
796886358
708122272
708125224
708137309
714215153
708136797
759491627
741620736
714290616
708132042
708137307
714295211
759498770
714245606
714236633
741625873
708193494
714262416
708165999
708117078
708155877
708101860
796834037
714212915
708121256
759453789
714267600
759486303
708102815
708122246
741662538
796800092
796801143
708189678
708136615
714246845
708128604
796821527
708135286
708140875
708191064
714279077
708196628
741637367
759401407
759427211
741646789
741673247
759423068
741653894
708199458
759461392
708160264
796856325
708164076
708165564
714256738
708108069
714280033
708198513
714272537
708184819
759418999
741633157
708100989
759440927
741603550
796868315
708151177
714298408
714211060
796872218
796857172
759412976
708134110
708179474
796856346
714283968
714253463
708105884
714247176
714227191
714236804
708139630
714239842
708193569
708163499
714287447
708199120
741627271
796822723
708107876
714233935
714262156
796807283
708198142
714203263
714279103
708162512
759434696
759443073
714201897
714269310
708113722
714258379
759416896
708193423
708138250
708108159
796819623
741643078
796868864
759406754
759477342
741671994
714285255
708177718
741609038
714253198
796857073
759400621
796807867
796830409
708135814
714202817
741686730
741645617
708188886
796802333
741697773
708198877
708139010
759418757
714230306
708107717
714234552
714259689
759433940
708114859
741661647
796856120
708150907
708145362
714249311
714249462
714235636
759425839
714299448
714227919
759466971
714286578
741602700
759481191
714242033
714263270
741673803
741645743
708127272
708135082
741693533
714234596
708165619
708115440
708141959
708132274
714263053
714218906
741616479
759408685
741616110
714259248
741632618
714208017
708175976
708153807
708122649
714267954
714211890
714276345
759474502
741617805
714207098
796872068
714225875
708191239
796814310
741621774
708102618
796844293
714290448
796878801
714280064
714239719
741682206
714266331
759416910
714258746
759453401
708195508
741609590
708180587
714269698
714214950
741678457
759491344
796890402
714238376
759428197
708170630
708170330
714229469
714239776
714295916
714212519
714273954
714245209
708185981
708116702
708184097
759472885
741645196
714286456
741608053
708136166
759418653
796857700
714259628
714238046
708134307
708159233
741669619
796849048
759435366
714235329
741629839
708126566
714286691
708116940
741644934
741650097
708147937
796809518
796866759
708105933
741690227
714257965
714279184
708121802
759419739
708133048
708189541
714239208
714284871
759454876
708116596
