796950703
796893108
759459264
708119625
708136821
759565822
714244975
741792693
741750632
708153029
796940467
759407948
741660156
714283806
714299691
714273795
759578523
708082585
741681176
741703417
741708121
796882028
796928418
741773279
714307233
714355821
708120351
759444602
714216411
796917150
714303141
759413700
796904812
714366045
796814121
741721607
759563217
708092913
741772559
708070084
741788632
714372452
708015352
741791201
714350174
759483475
708137541
714372627
759544548
708143722
708095059
714391971
714382387
708005345
759476943
714313282
796837120
708112747
708183800
714201796
741729419
741626161
714232520
741703845
741741123
741611077
714248392
708151547
714381935
741662623
714223749
708035944
714360528
759425196
714234053
741653974
741711729
708039190
714346783
714346835
759527573
708014219
796905040
796971304
708080502
714334394
708094468
714308910
714312703
714299550
741732385
796959645
741780043
796916617
796881011
