0119288970
0723936985
0790733653
0119031863
0729967560
0723674942
0743019524
0111931377
0745644378
0794885387
0119078060
0112523594
0740817065
0741203559
0112566871
0740197971
0748459140
0741660389
0721135735
0119006975
0759370789
0111540140
0119021104
0119042259
0119017055
0768676510
0119036608
0112843591
0119006187
0116960291
0742681924
0116918500
0119013382
0119002697
0799379688
0119025402
0797541223
0728441647
0795485060
0119006941
0119017488
0119043158
0790224544
0745378122
0741321780
0119013876
0725405938
0721526133
0119033703
0795481055
0723877605
0119074437
0745128175
0742686425
0791277275
0118065572
0721062725
0118017178
0119011795
