792319152
723309201
717614695
743437269
791732517
796485804
113514625
741393075
758104713
724254235
116872561
745208353
116864613
728408776
719387093
116585339
793369242
740234514
748092009
745238398
718412303
797752395
799216773
703489251
741764679
758684340
112511942
797458072
741277823
790746983
798033078
113708017
798485474
710530792
718408081
115946369
705526540
703351940
792623143
769837374
745030006
705065418
768626812
740926635
759435567
117077567
768348457
797641923
705726613
797518645
716732674
741063421
769797920
706881304
769273464
757187539
729455846
713504367
712399465
111283659
716591750
713979468
790020970
743348659
759838833
795043863
708516794
703629830
713983642
715552777
705790902
713210530
722594085
745430310
710264528
769845197
704091367
110852471
117421930
759330416
715483667
769279575
729281942
746225356
759921982
712971197
113798072
716838957
116700343
742841508
704945616
114793576
769884874
743413309
113140800
116913164
701229517
116905869
791814151
759853685
746539833
742889866
791678321
759441514
719154045
791157204
704077631
112364627
742466281
727581431
708792422
790098141
112734738
112647103
116298751
718334570
113282837
769187429
116839365
713966214
759658449
768280591
715709316
725495295
799628345
711752474
704909473
743086490
758571291
116528968
746896678
715854813
742074304
700079629
758722907
746436808
116045903
743925375
715235588
797781976
718686093
741680424
116467888
703511789
113527511
111465058
716046890
769209819
792730513
796587850
791183511
711957645
757783297
727744952
792164627
116445394
745987936
792769301
724769150
796061878
757454127
728146284
768634049
718408081
759703786
746919427
701377473
701192531
741763315
707489484
743602068
768443519
791334532
746863452
741014158
114034690
793266489
743859271
745705197
717113893
116589079
717698754
707576951
116805488
726160795
797920872
741350115
707343021
758438316
746884340
725407660
742715312
725561763
701037557
702448539
111797182
795174309
769801829
790072395
799724661
768479210
111411766
702708373
706574572
729693706
729756709
708697452
758579275
110774589
724319359
704246765
700861735
798974268
748115762
758952106
117540246
729114021
701345816
712171158
792867168
719151021
790050472
113940698
748190891
116587596
115477116
113707006
769619003
794369464
757590281
704021327
110689735
769287627
743201205
795325498
745077545
729311908
113503106
